{
 "cells": [
  {
   "cell_type": "code",
   "execution_count": 142,
   "metadata": {},
   "outputs": [],
   "source": [
    "#Imports\n",
    "import numpy as np\n",
    "import pandas as pd\n",
    "import scipy\n",
    "from math import sqrt\n",
    "import matplotlib.pyplot as plt\n",
    "import multiprocessing as mp\n",
    "import joblib as jbl\n",
    "import seaborn as sns\n",
    "import math as mt\n",
    "import statistics as sts\n",
    "import scipy.stats as scpsts\n",
    "\n",
    "#Estimators\n",
    "from sklearn.ensemble import RandomForestRegressor\n",
    "from sklearn.linear_model import LinearRegression\n",
    "from sklearn.svm import SVR\n",
    "from sklearn import linear_model\n",
    "\n",
    "#Preprocessing\n",
    "from sklearn.preprocessing import StandardScaler\n",
    "from sklearn.preprocessing import OneHotEncoder\n",
    "\n",
    "#Multiprocessing\n",
    "from joblib import Parallel\n",
    "from multiprocessing import Pool\n",
    "from multiprocessing import Process\n",
    "\n",
    "#Feature Selection\n",
    "from sklearn.feature_selection import RFE\n",
    "\n",
    "#Covariance\n",
    "from sklearn.covariance import empirical_covariance\n",
    "from sklearn.covariance import LedoitWolf\n",
    "\n",
    "#Model metrics\n",
    "from sklearn.metrics import mean_squared_error\n",
    "from sklearn.metrics import r2_score\n",
    "from sklearn.model_selection import cross_val_score\n",
    "from sklearn.metrics import confusion_matrix \n",
    "from sklearn.metrics import accuracy_score \n",
    "from sklearn.metrics import classification_report\n",
    "from sklearn.metrics import f1_score\n",
    "\n",
    "#Train/test split\n",
    "from sklearn.model_selection import train_test_split"
   ]
  },
  {
   "cell_type": "code",
   "execution_count": 17,
   "metadata": {
    "scrolled": true
   },
   "outputs": [
    {
     "data": {
      "text/html": [
       "<div>\n",
       "<style scoped>\n",
       "    .dataframe tbody tr th:only-of-type {\n",
       "        vertical-align: middle;\n",
       "    }\n",
       "\n",
       "    .dataframe tbody tr th {\n",
       "        vertical-align: top;\n",
       "    }\n",
       "\n",
       "    .dataframe thead th {\n",
       "        text-align: right;\n",
       "    }\n",
       "</style>\n",
       "<table border=\"1\" class=\"dataframe\">\n",
       "  <thead>\n",
       "    <tr style=\"text-align: right;\">\n",
       "      <th></th>\n",
       "      <th>ID</th>\n",
       "      <th>LIMIT_BAL</th>\n",
       "      <th>SEX</th>\n",
       "      <th>EDUCATION</th>\n",
       "      <th>MARRIAGE</th>\n",
       "      <th>AGE</th>\n",
       "      <th>PAY_0</th>\n",
       "      <th>PAY_2</th>\n",
       "      <th>PAY_3</th>\n",
       "      <th>PAY_4</th>\n",
       "      <th>...</th>\n",
       "      <th>BILL_AMT4</th>\n",
       "      <th>BILL_AMT5</th>\n",
       "      <th>BILL_AMT6</th>\n",
       "      <th>PAY_AMT1</th>\n",
       "      <th>PAY_AMT2</th>\n",
       "      <th>PAY_AMT3</th>\n",
       "      <th>PAY_AMT4</th>\n",
       "      <th>PAY_AMT5</th>\n",
       "      <th>PAY_AMT6</th>\n",
       "      <th>RISK_OF_DEFAULT</th>\n",
       "    </tr>\n",
       "  </thead>\n",
       "  <tbody>\n",
       "    <tr>\n",
       "      <th>0</th>\n",
       "      <td>1</td>\n",
       "      <td>20000</td>\n",
       "      <td>2</td>\n",
       "      <td>2</td>\n",
       "      <td>1</td>\n",
       "      <td>24</td>\n",
       "      <td>2</td>\n",
       "      <td>2</td>\n",
       "      <td>-1</td>\n",
       "      <td>-1</td>\n",
       "      <td>...</td>\n",
       "      <td>0</td>\n",
       "      <td>0</td>\n",
       "      <td>0</td>\n",
       "      <td>0</td>\n",
       "      <td>689</td>\n",
       "      <td>0</td>\n",
       "      <td>0</td>\n",
       "      <td>0</td>\n",
       "      <td>0</td>\n",
       "      <td>1</td>\n",
       "    </tr>\n",
       "    <tr>\n",
       "      <th>1</th>\n",
       "      <td>2</td>\n",
       "      <td>120000</td>\n",
       "      <td>2</td>\n",
       "      <td>2</td>\n",
       "      <td>2</td>\n",
       "      <td>26</td>\n",
       "      <td>-1</td>\n",
       "      <td>2</td>\n",
       "      <td>0</td>\n",
       "      <td>0</td>\n",
       "      <td>...</td>\n",
       "      <td>3272</td>\n",
       "      <td>3455</td>\n",
       "      <td>3261</td>\n",
       "      <td>0</td>\n",
       "      <td>1000</td>\n",
       "      <td>1000</td>\n",
       "      <td>1000</td>\n",
       "      <td>0</td>\n",
       "      <td>2000</td>\n",
       "      <td>1</td>\n",
       "    </tr>\n",
       "    <tr>\n",
       "      <th>2</th>\n",
       "      <td>3</td>\n",
       "      <td>90000</td>\n",
       "      <td>2</td>\n",
       "      <td>2</td>\n",
       "      <td>2</td>\n",
       "      <td>34</td>\n",
       "      <td>0</td>\n",
       "      <td>0</td>\n",
       "      <td>0</td>\n",
       "      <td>0</td>\n",
       "      <td>...</td>\n",
       "      <td>14331</td>\n",
       "      <td>14948</td>\n",
       "      <td>15549</td>\n",
       "      <td>1518</td>\n",
       "      <td>1500</td>\n",
       "      <td>1000</td>\n",
       "      <td>1000</td>\n",
       "      <td>1000</td>\n",
       "      <td>5000</td>\n",
       "      <td>0</td>\n",
       "    </tr>\n",
       "    <tr>\n",
       "      <th>3</th>\n",
       "      <td>4</td>\n",
       "      <td>50000</td>\n",
       "      <td>2</td>\n",
       "      <td>2</td>\n",
       "      <td>1</td>\n",
       "      <td>37</td>\n",
       "      <td>0</td>\n",
       "      <td>0</td>\n",
       "      <td>0</td>\n",
       "      <td>0</td>\n",
       "      <td>...</td>\n",
       "      <td>28314</td>\n",
       "      <td>28959</td>\n",
       "      <td>29547</td>\n",
       "      <td>2000</td>\n",
       "      <td>2019</td>\n",
       "      <td>1200</td>\n",
       "      <td>1100</td>\n",
       "      <td>1069</td>\n",
       "      <td>1000</td>\n",
       "      <td>0</td>\n",
       "    </tr>\n",
       "    <tr>\n",
       "      <th>4</th>\n",
       "      <td>5</td>\n",
       "      <td>50000</td>\n",
       "      <td>1</td>\n",
       "      <td>2</td>\n",
       "      <td>1</td>\n",
       "      <td>57</td>\n",
       "      <td>-1</td>\n",
       "      <td>0</td>\n",
       "      <td>-1</td>\n",
       "      <td>0</td>\n",
       "      <td>...</td>\n",
       "      <td>20940</td>\n",
       "      <td>19146</td>\n",
       "      <td>19131</td>\n",
       "      <td>2000</td>\n",
       "      <td>36681</td>\n",
       "      <td>10000</td>\n",
       "      <td>9000</td>\n",
       "      <td>689</td>\n",
       "      <td>679</td>\n",
       "      <td>0</td>\n",
       "    </tr>\n",
       "  </tbody>\n",
       "</table>\n",
       "<p>5 rows × 25 columns</p>\n",
       "</div>"
      ],
      "text/plain": [
       "   ID  LIMIT_BAL  SEX  EDUCATION  MARRIAGE  AGE  PAY_0  PAY_2  PAY_3  PAY_4  \\\n",
       "0   1      20000    2          2         1   24      2      2     -1     -1   \n",
       "1   2     120000    2          2         2   26     -1      2      0      0   \n",
       "2   3      90000    2          2         2   34      0      0      0      0   \n",
       "3   4      50000    2          2         1   37      0      0      0      0   \n",
       "4   5      50000    1          2         1   57     -1      0     -1      0   \n",
       "\n",
       "   ...  BILL_AMT4  BILL_AMT5  BILL_AMT6  PAY_AMT1  PAY_AMT2  PAY_AMT3  \\\n",
       "0  ...          0          0          0         0       689         0   \n",
       "1  ...       3272       3455       3261         0      1000      1000   \n",
       "2  ...      14331      14948      15549      1518      1500      1000   \n",
       "3  ...      28314      28959      29547      2000      2019      1200   \n",
       "4  ...      20940      19146      19131      2000     36681     10000   \n",
       "\n",
       "   PAY_AMT4  PAY_AMT5  PAY_AMT6  RISK_OF_DEFAULT  \n",
       "0         0         0         0                1  \n",
       "1      1000         0      2000                1  \n",
       "2      1000      1000      5000                0  \n",
       "3      1100      1069      1000                0  \n",
       "4      9000       689       679                0  \n",
       "\n",
       "[5 rows x 25 columns]"
      ]
     },
     "execution_count": 17,
     "metadata": {},
     "output_type": "execute_result"
    }
   ],
   "source": [
    "rawData = pd.read_csv('Binned Credit Data-rev upload2.csv', header=0)\n",
    "rawData.head()"
   ]
  },
  {
   "cell_type": "code",
   "execution_count": 18,
   "metadata": {},
   "outputs": [
    {
     "data": {
      "text/plain": [
       "array([[ 7.49999999e+07,  2.94156604e+07,  7.83537667e+01,\n",
       "         2.42804100e+02, -1.31448133e+02,  1.49100732e+03,\n",
       "        -2.97562717e+02, -1.16273083e+02, -1.91685767e+02,\n",
       "        -2.76904000e+01, -2.17852767e+02, -2.01870650e+02,\n",
       "         1.23640532e+07,  1.10835497e+07,  1.46263922e+07,\n",
       "         2.24805149e+07,  8.79550980e+06,  8.62821874e+06,\n",
       "         1.39745438e+06,  1.67732754e+06,  5.96960387e+06,\n",
       "         1.05729907e+06,  8.62921410e+04,  4.61830652e+05,\n",
       "        -5.01500333e+01],\n",
       "       [ 2.94156604e+07,  1.68338945e+10,  1.57099826e+03,\n",
       "        -2.23214835e+04, -7.32342554e+03,  1.73070953e+05,\n",
       "        -3.95446118e+04, -4.60361138e+04, -4.44307722e+04,\n",
       "        -4.05704595e+04, -3.66693400e+04, -3.50919137e+04,\n",
       "         2.72692907e+09,  2.57004452e+09,  2.54844821e+09,\n",
       "         2.45384396e+09,  2.33140336e+09,  2.24376242e+09,\n",
       "         4.19557151e+08,  5.33332631e+08,  4.80101961e+08,\n",
       "         4.13106425e+08,  4.30551337e+08,  5.06498414e+08,\n",
       "        -8.26727617e+03],\n",
       "       [ 7.83537667e+01,  1.57099826e+03,  2.39239396e-01,\n",
       "         4.96220444e-03, -8.01363556e-03, -4.09712533e-01,\n",
       "        -3.16843200e-02, -4.14406044e-02, -3.86928533e-02,\n",
       "        -3.44095111e-02, -3.05195200e-02, -2.47532267e-02,\n",
       "        -1.21165394e+03, -1.08555928e+03, -8.33179658e+02,\n",
       "        -6.88466623e+02, -5.05677477e+02, -4.87413912e+02,\n",
       "        -1.96420053e+00, -1.56749771e+01, -7.40323443e+01,\n",
       "        -1.70795403e+01, -1.24583938e+01, -2.40510829e+01,\n",
       "        -8.11248000e-03],\n",
       "       [ 2.42804100e+02, -2.23214835e+04,  4.96220444e-03,\n",
       "         5.54253529e-01, -5.79522311e-02,  1.25194620e+00,\n",
       "         9.41991867e-02,  1.15600538e-01,  1.09084720e-01,\n",
       "         1.01426844e-01,  8.78113867e-02,  7.61838267e-02,\n",
       "         9.09854927e+02,  6.34777523e+02,  3.46625184e+02,\n",
       "        -2.93626383e+02, -5.62989388e+02, -5.60693660e+02,\n",
       "        -5.06650969e+02, -5.62506211e+02, -5.80588671e+02,\n",
       "        -4.77588109e+02, -5.13415324e+02, -5.83138362e+02,\n",
       "         1.04572800e-02],\n",
       "       [-1.31448133e+02, -7.32342554e+03, -8.01363556e-03,\n",
       "        -5.79522311e-02,  2.72443182e-01, -1.99269793e+00,\n",
       "         1.16828400e-02,  1.51213644e-02,  2.04202400e-02,\n",
       "         2.02119111e-02,  2.10735733e-02,  2.06150533e-02,\n",
       "        -9.02124613e+02, -8.02491115e+02, -9.01649029e+02,\n",
       "        -7.83855470e+02, -8.05814013e+02, -6.59201373e+02,\n",
       "        -5.16898919e+01, -9.73247302e+01, -3.25449971e+01,\n",
       "        -1.03514753e+02, -9.60738858e+00, -6.16212165e+01,\n",
       "        -5.27290667e-03],\n",
       "       [ 1.49100732e+03,  1.73070953e+05, -4.09712533e-01,\n",
       "         1.25194620e+00, -1.99269793e+00,  8.49669231e+01,\n",
       "        -4.08625483e-01, -5.53389617e-01, -5.85243233e-01,\n",
       "        -5.35833000e-01, -5.62226567e-01, -5.17004283e-01,\n",
       "         3.81716611e+04,  3.56124708e+04,  3.43331068e+04,\n",
       "         3.04520931e+04,  2.76531460e+04,  2.61367773e+04,\n",
       "         3.99190867e+03,  4.62670732e+03,  4.74666617e+03,\n",
       "         3.08722128e+03,  3.21794490e+03,  3.19179750e+03,\n",
       "         5.31407333e-02],\n",
       "       [-2.97562717e+02, -3.95446118e+04, -3.16843200e-02,\n",
       "         9.41991867e-02,  1.16828400e-02, -4.08625483e-01,\n",
       "         1.26288778e+00,  9.04299430e-01,  7.72357793e-01,\n",
       "         7.07948200e-01,  6.48721127e-01,  6.13271963e-01,\n",
       "         1.54797882e+04,  1.51854107e+04,  1.40110895e+04,\n",
       "         1.29498167e+04,  1.23412573e+04,  1.18443649e+04,\n",
       "        -1.47544591e+03, -1.81507790e+03, -1.39612172e+03,\n",
       "        -1.12681038e+03, -9.99074427e+02, -1.17215454e+03,\n",
       "         1.51494040e-01],\n",
       "       [-1.16273083e+02, -4.60361138e+04, -4.14406044e-02,\n",
       "         1.15600538e-01,  1.51213644e-02, -5.53389617e-01,\n",
       "         9.04299430e-01,  1.43320648e+00,  1.09833465e+00,\n",
       "         9.26648822e-01,  8.44857980e-01,  7.92293857e-01,\n",
       "         2.07059240e+04,  2.00451613e+04,  1.86088907e+04,\n",
       "         1.71157284e+04,  1.61104154e+04,  1.56423544e+04,\n",
       "        -1.60018742e+03, -1.62713810e+03, -1.17829200e+03,\n",
       "        -8.78814584e+02, -6.78445914e+02, -7.76809140e+02,\n",
       "         1.30955853e-01],\n",
       "       [-1.91685767e+02, -4.44307722e+04, -3.86928533e-02,\n",
       "         1.09084720e-01,  2.04202400e-02, -5.85243233e-01,\n",
       "         7.72357793e-01,  1.09833465e+00,  1.43244423e+00,\n",
       "         1.08772520e+00,  9.31424227e-01,  8.70785847e-01,\n",
       "         1.83725980e+04,  2.02133977e+04,  1.88818621e+04,\n",
       "         1.74935174e+04,  1.63824014e+04,  1.58465614e+04,\n",
       "         2.56676124e+01, -1.84189143e+03, -1.12339133e+03,\n",
       "        -8.63733391e+02, -6.55774142e+02, -7.63000607e+02,\n",
       "         1.16863440e-01],\n",
       "       [-2.76904000e+01, -4.05704595e+04, -3.44095111e-02,\n",
       "         1.01426844e-01,  2.02119111e-02, -5.35833000e-01,\n",
       "         7.07948200e-01,  9.26648822e-01,  1.08772520e+00,\n",
       "         1.36683956e+00,  1.08612520e+00,  9.63230600e-01,\n",
       "         1.74596163e+04,  1.87900014e+04,  1.98623373e+04,\n",
       "         1.84958066e+04,  1.72649764e+04,  1.66510313e+04,\n",
       "        -1.81289570e+02, -5.23564210e+01, -1.42515768e+03,\n",
       "        -7.96009205e+02, -5.99971629e+02, -5.52118934e+02,\n",
       "         1.05111467e-01],\n",
       "       [-2.17852767e+02, -3.66693400e+04, -3.05195200e-02,\n",
       "         8.78113867e-02,  2.10735733e-02, -5.62226567e-01,\n",
       "         6.48721127e-01,  8.44857980e-01,  9.31424227e-01,\n",
       "         1.08612520e+00,  1.28407089e+00,  1.06450918e+00,\n",
       "         1.72458027e+04,  1.83006752e+04,  1.91220259e+04,\n",
       "         1.98222647e+04,  1.85859708e+04,  1.77150996e+04,\n",
       "        -1.14277904e+02, -8.33217096e+01,  1.80806115e+02,\n",
       "        -1.03492747e+03, -5.77141779e+02, -4.63877150e+02,\n",
       "         9.60167733e-02],\n",
       "       [-2.01870650e+02, -3.50919137e+04, -2.47532267e-02,\n",
       "         7.61838267e-02,  2.06150533e-02, -5.17004283e-01,\n",
       "         6.13271963e-01,  7.92293857e-01,  8.70785847e-01,\n",
       "         9.63230600e-01,  1.06450918e+00,  1.32242746e+00,\n",
       "         1.75598395e+04,  1.85729080e+04,  1.92337813e+04,\n",
       "         1.97048948e+04,  2.03374424e+04,  1.95242295e+04,\n",
       "        -2.84997165e+01, -1.38394838e+02,  1.18117085e+02,\n",
       "         3.42612309e+02, -8.15805493e+02, -5.17199036e+02,\n",
       "         8.91913200e-02],\n",
       "       [ 1.23640532e+07,  2.72692907e+09, -1.21165394e+03,\n",
       "         9.09854927e+02, -9.02124613e+02,  3.81716611e+04,\n",
       "         1.54797882e+04,  2.07059240e+04,  1.83725980e+04,\n",
       "         1.74596163e+04,  1.72458027e+04,  1.75598395e+04,\n",
       "         5.42205922e+09,  4.98650425e+09,  4.55635928e+09,\n",
       "         4.07515007e+09,  3.71467126e+09,  3.51975896e+09,\n",
       "         1.71083675e+08,  1.68563543e+08,  2.03397985e+08,\n",
       "         1.82610315e+08,  1.87902871e+08,  2.34760283e+08,\n",
       "        -6.00374095e+02],\n",
       "       [ 1.10835497e+07,  2.57004452e+09, -1.08555928e+03,\n",
       "         6.34777523e+02, -8.02491115e+02,  3.56124708e+04,\n",
       "         1.51854107e+04,  2.00451613e+04,  2.02133977e+04,\n",
       "         1.87900014e+04,  1.83006752e+04,  1.85729080e+04,\n",
       "         4.98650425e+09,  5.06553651e+09,  4.58193318e+09,\n",
       "         4.08637225e+09,  3.72027661e+09,  3.52475004e+09,\n",
       "         3.30503596e+08,  1.65380404e+08,  1.88866782e+08,\n",
       "         1.64346301e+08,  1.71759469e+08,  2.20477102e+08,\n",
       "        -4.19275160e+02],\n",
       "       [ 1.46263922e+07,  2.54844821e+09, -8.33179658e+02,\n",
       "         3.46625184e+02, -9.01649029e+02,  3.43331068e+04,\n",
       "         1.40110895e+04,  1.86088907e+04,  1.88818621e+04,\n",
       "         1.98623373e+04,  1.91220259e+04,  1.92337813e+04,\n",
       "         4.55635928e+09,  4.58193318e+09,  4.80917723e+09,\n",
       "         4.12210073e+09,  3.72665607e+09,  3.52412938e+09,\n",
       "         2.80647133e+08,  5.06405688e+08,  1.58742521e+08,\n",
       "         1.55795102e+08,  1.90406281e+08,  2.24774235e+08,\n",
       "        -4.05140175e+02],\n",
       "       [ 2.24805149e+07,  2.45384396e+09, -6.88466623e+02,\n",
       "        -2.93626383e+02, -7.83855470e+02,  3.04520931e+04,\n",
       "         1.29498167e+04,  1.71157284e+04,  1.74935174e+04,\n",
       "         1.84958066e+04,  1.98222647e+04,  1.97048948e+04,\n",
       "         4.07515007e+09,  4.08637225e+09,  4.12210073e+09,\n",
       "         4.13857842e+09,  3.67698251e+09,  3.45164726e+09,\n",
       "         2.48280563e+08,  3.07658347e+08,  3.39826027e+08,\n",
       "         1.31208880e+08,  1.57683902e+08,  2.03152244e+08,\n",
       "        -2.71190845e+02],\n",
       "       [ 8.79550980e+06,  2.33140336e+09, -5.05677477e+02,\n",
       "        -5.62989388e+02, -8.05814013e+02,  2.76531460e+04,\n",
       "         1.23412573e+04,  1.61104154e+04,  1.63824014e+04,\n",
       "         1.72649764e+04,  1.85859708e+04,  2.03374424e+04,\n",
       "         3.71467126e+09,  3.72027661e+09,  3.72665607e+09,\n",
       "         3.67698251e+09,  3.69617094e+09,  3.42579984e+09,\n",
       "         2.18542827e+08,  2.53885135e+08,  2.70071539e+08,\n",
       "         2.79173706e+08,  1.31500691e+08,  1.77447817e+08,\n",
       "        -1.70591760e+02],\n",
       "       [ 8.62821874e+06,  2.24376242e+09, -4.87413912e+02,\n",
       "        -5.60693660e+02, -6.59201373e+02,  2.61367773e+04,\n",
       "         1.18443649e+04,  1.56423544e+04,  1.58465614e+04,\n",
       "         1.66510313e+04,  1.77150996e+04,  1.95242295e+04,\n",
       "         3.51975896e+09,  3.52475004e+09,  3.52412938e+09,\n",
       "         3.45164726e+09,  3.42579984e+09,  3.54657350e+09,\n",
       "         1.97241183e+08,  2.36916468e+08,  2.45115091e+08,\n",
       "         2.33459212e+08,  2.79988832e+08,  1.22272036e+08,\n",
       "        -1.32791867e+02],\n",
       "       [ 1.39745438e+06,  4.19557151e+08, -1.96420053e+00,\n",
       "        -5.06650969e+02, -5.16898919e+01,  3.99190867e+03,\n",
       "        -1.47544591e+03, -1.60018742e+03,  2.56676124e+01,\n",
       "        -1.81289570e+02, -1.14277904e+02, -2.84997165e+01,\n",
       "         1.71083675e+08,  3.30503596e+08,  2.80647133e+08,\n",
       "         2.48280563e+08,  2.18542827e+08,  1.97241183e+08,\n",
       "         2.74333111e+08,  1.08981240e+08,  7.35438080e+07,\n",
       "         5.17801638e+07,  3.75676826e+07,  5.46885080e+07,\n",
       "        -5.01357840e+02],\n",
       "       [ 1.67732754e+06,  5.33332631e+08, -1.56749771e+01,\n",
       "        -5.62506211e+02, -9.73247302e+01,  4.62670732e+03,\n",
       "        -1.81507790e+03, -1.62713810e+03, -1.84189143e+03,\n",
       "        -5.23564210e+01, -8.33217096e+01, -1.38394838e+02,\n",
       "         1.68563543e+08,  1.65380404e+08,  5.06405688e+08,\n",
       "         3.07658347e+08,  2.53885135e+08,  2.36916468e+08,\n",
       "         1.08981240e+08,  5.30864013e+08,  9.92950972e+07,\n",
       "         6.50095155e+07,  6.36820122e+07,  6.45660058e+07,\n",
       "        -5.60192066e+02],\n",
       "       [ 5.96960387e+06,  4.80101961e+08, -7.40323443e+01,\n",
       "        -5.80588671e+02, -3.25449971e+01,  4.74666617e+03,\n",
       "        -1.39612172e+03, -1.17829200e+03, -1.12339133e+03,\n",
       "        -1.42515768e+03,  1.80806115e+02,  1.18117085e+02,\n",
       "         2.03397985e+08,  1.88866782e+08,  1.58742521e+08,\n",
       "         3.39826027e+08,  2.70071539e+08,  2.45115091e+08,\n",
       "         7.35438080e+07,  9.92950972e+07,  3.09994759e+08,\n",
       "         5.96677119e+07,  4.28277859e+07,  5.09370969e+07,\n",
       "        -4.11062581e+02],\n",
       "       [ 1.05729907e+06,  4.13106425e+08, -1.70795403e+01,\n",
       "        -4.77588109e+02, -1.03514753e+02,  3.08722128e+03,\n",
       "        -1.12681038e+03, -8.78814584e+02, -8.63733391e+02,\n",
       "        -7.96009205e+02, -1.03492747e+03,  3.42612309e+02,\n",
       "         1.82610315e+08,  1.64346301e+08,  1.55795102e+08,\n",
       "         1.31208880e+08,  2.79173706e+08,  2.33459212e+08,\n",
       "         5.17801638e+07,  6.50095155e+07,  5.96677119e+07,\n",
       "         2.45420380e+08,  3.63397644e+07,  4.39560092e+07,\n",
       "        -3.69503570e+02],\n",
       "       [ 8.62921410e+04,  4.30551337e+08, -1.24583938e+01,\n",
       "        -5.13415324e+02, -9.60738858e+00,  3.21794490e+03,\n",
       "        -9.99074427e+02, -6.78445914e+02, -6.55774142e+02,\n",
       "        -5.99971629e+02, -5.77141779e+02, -8.15805493e+02,\n",
       "         1.87902871e+08,  1.71759469e+08,  1.90406281e+08,\n",
       "         1.57683902e+08,  1.31500691e+08,  2.79988832e+08,\n",
       "         3.75676826e+07,  6.36820122e+07,  4.28277859e+07,\n",
       "         3.63397644e+07,  2.33418844e+08,  4.20697025e+07,\n",
       "        -3.49550878e+02],\n",
       "       [ 4.61830652e+05,  5.06498414e+08, -2.40510829e+01,\n",
       "        -5.83138362e+02, -6.16212165e+01,  3.19179750e+03,\n",
       "        -1.17215454e+03, -7.76809140e+02, -7.63000607e+02,\n",
       "        -5.52118934e+02, -4.63877150e+02, -5.17199036e+02,\n",
       "         2.34760283e+08,  2.20477102e+08,  2.24774235e+08,\n",
       "         2.03152244e+08,  1.77447817e+08,  1.22272036e+08,\n",
       "         5.46885080e+07,  6.45660058e+07,  5.09370969e+07,\n",
       "         4.39560092e+07,  4.20697025e+07,  3.16027755e+08,\n",
       "        -3.92413334e+02],\n",
       "       [-5.01500333e+01, -8.26727617e+03, -8.11248000e-03,\n",
       "         1.04572800e-02, -5.27290667e-03,  5.31407333e-02,\n",
       "         1.51494040e-01,  1.30955853e-01,  1.16863440e-01,\n",
       "         1.05111467e-01,  9.60167733e-02,  8.91913200e-02,\n",
       "        -6.00374095e+02, -4.19275160e+02, -4.05140175e+02,\n",
       "        -2.71190845e+02, -1.70591760e+02, -1.32791867e+02,\n",
       "        -5.01357840e+02, -5.60192066e+02, -4.11062581e+02,\n",
       "        -3.69503570e+02, -3.49550878e+02, -3.92413334e+02,\n",
       "         1.72270560e-01]])"
      ]
     },
     "execution_count": 18,
     "metadata": {},
     "output_type": "execute_result"
    }
   ],
   "source": [
    "empirical_covariance(rawData)"
   ]
  },
  {
   "cell_type": "code",
   "execution_count": 19,
   "metadata": {},
   "outputs": [
    {
     "data": {
      "text/plain": [
       "array([[ 7.59260758e+07,  2.94000483e+07,  7.83121813e+01,\n",
       "         2.42675235e+02, -1.31378369e+02,  1.49021598e+03,\n",
       "        -2.97404789e+02, -1.16211373e+02, -1.91584032e+02,\n",
       "        -2.76757036e+01, -2.17737144e+02, -2.01763509e+02,\n",
       "         1.23574912e+07,  1.10776672e+07,  1.46186295e+07,\n",
       "         2.24685836e+07,  8.79084169e+06,  8.62363941e+06,\n",
       "         1.39671270e+06,  1.67643732e+06,  5.96643558e+06,\n",
       "         1.05673792e+06,  8.62463424e+04,  4.61585541e+05,\n",
       "        -5.01234168e+01],\n",
       "       [ 2.94000483e+07,  1.68259260e+10,  1.57016447e+03,\n",
       "        -2.23096366e+04, -7.31953871e+03,  1.72979098e+05,\n",
       "        -3.95236240e+04, -4.60116806e+04, -4.44071911e+04,\n",
       "        -4.05489272e+04, -3.66498781e+04, -3.50732890e+04,\n",
       "         2.72548178e+09,  2.56868050e+09,  2.54709565e+09,\n",
       "         2.45254162e+09,  2.33016599e+09,  2.24257157e+09,\n",
       "         4.19334476e+08,  5.33049571e+08,  4.79847153e+08,\n",
       "         4.12887174e+08,  4.30322827e+08,  5.06229596e+08,\n",
       "        -8.26288841e+03],\n",
       "       [ 7.83121813e+01,  1.57016447e+03,  9.65881478e+05,\n",
       "         4.95957081e-03, -8.00938241e-03, -4.09495083e-01,\n",
       "        -3.16675039e-02, -4.14186103e-02, -3.86723176e-02,\n",
       "        -3.43912487e-02, -3.05033221e-02, -2.47400892e-02,\n",
       "        -1.21101087e+03, -1.08498313e+03, -8.32737457e+02,\n",
       "        -6.88101227e+02, -5.05409094e+02, -4.87155223e+02,\n",
       "        -1.96315806e+00, -1.56666578e+01, -7.39930525e+01,\n",
       "        -1.70704755e+01, -1.24517817e+01, -2.40383181e+01,\n",
       "        -8.10817440e-03],\n",
       "       [ 2.42675235e+02, -2.23096366e+04,  4.95957081e-03,\n",
       "         9.65881793e+05, -5.79214736e-02,  1.25128174e+00,\n",
       "         9.41491915e-02,  1.15539184e-01,  1.09026825e-01,\n",
       "         1.01373013e-01,  8.77647818e-02,  7.61433930e-02,\n",
       "         9.09372032e+02,  6.34440622e+02,  3.46441216e+02,\n",
       "        -2.93470544e+02, -5.62690587e+02, -5.60396078e+02,\n",
       "        -5.06382070e+02, -5.62207667e+02, -5.80280531e+02,\n",
       "        -4.77334635e+02, -5.13142835e+02, -5.82828868e+02,\n",
       "         1.04517299e-02],\n",
       "       [-1.31378369e+02, -7.31953871e+03, -8.00938241e-03,\n",
       "        -5.79214736e-02,  9.65881511e+05, -1.99164033e+00,\n",
       "         1.16766395e-02,  1.51133390e-02,  2.04094022e-02,\n",
       "         2.02011839e-02,  2.10623888e-02,  2.06041121e-02,\n",
       "        -9.01645821e+02, -8.02065202e+02, -9.01170489e+02,\n",
       "        -7.83439448e+02, -8.05386337e+02, -6.58851509e+02,\n",
       "        -5.16624581e+01, -9.72730762e+01, -3.25277243e+01,\n",
       "        -1.03459814e+02, -9.60228957e+00, -6.15885117e+01,\n",
       "        -5.27010813e-03],\n",
       "       [ 1.49021598e+03,  1.72979098e+05, -4.09495083e-01,\n",
       "         1.25128174e+00, -1.99164033e+00,  9.65966161e+05,\n",
       "        -4.08408610e-01, -5.53095912e-01, -5.84932622e-01,\n",
       "        -5.35548613e-01, -5.61928171e-01, -5.16729889e-01,\n",
       "         3.81514019e+04,  3.55935699e+04,  3.43148849e+04,\n",
       "         3.04359310e+04,  2.76384694e+04,  2.61229055e+04,\n",
       "         3.98979001e+03,  4.62425175e+03,  4.74414693e+03,\n",
       "         3.08558277e+03,  3.21623702e+03,  3.19010349e+03,\n",
       "         5.31125295e-02],\n",
       "       [-2.97404789e+02, -3.95236240e+04, -3.16675039e-02,\n",
       "         9.41491915e-02,  1.16766395e-02, -4.08408610e-01,\n",
       "         9.65882501e+05,  9.03819484e-01,  7.71947873e-01,\n",
       "         7.07572465e-01,  6.48376825e-01,  6.12946476e-01,\n",
       "         1.54715724e+04,  1.51773512e+04,  1.40036533e+04,\n",
       "         1.29429437e+04,  1.23347073e+04,  1.18380786e+04,\n",
       "        -1.47466283e+03, -1.81411457e+03, -1.39538074e+03,\n",
       "        -1.12621234e+03, -9.98544179e+02, -1.17153243e+03,\n",
       "         1.51413636e-01],\n",
       "       [-1.16211373e+02, -4.60116806e+04, -4.14186103e-02,\n",
       "         1.15539184e-01,  1.51133390e-02, -5.53095912e-01,\n",
       "         9.03819484e-01,  9.65882671e+05,  1.09775172e+00,\n",
       "         9.26157014e-01,  8.44409581e-01,  7.91873356e-01,\n",
       "         2.06949346e+04,  2.00345226e+04,  1.85990142e+04,\n",
       "         1.71066445e+04,  1.61018650e+04,  1.56340524e+04,\n",
       "        -1.59933813e+03, -1.62627451e+03, -1.17766664e+03,\n",
       "        -8.78348164e+02, -6.78085837e+02, -7.76396858e+02,\n",
       "         1.30886350e-01],\n",
       "       [-1.91584032e+02, -4.44071911e+04, -3.86723176e-02,\n",
       "         1.09026825e-01,  2.04094022e-02, -5.84932622e-01,\n",
       "         7.71947873e-01,  1.09775172e+00,  9.65882671e+05,\n",
       "         1.08714790e+00,  9.30929884e-01,  8.70323687e-01,\n",
       "         1.83628470e+04,  2.02026697e+04,  1.88718408e+04,\n",
       "         1.74842329e+04,  1.63737067e+04,  1.58381510e+04,\n",
       "         2.56539896e+01, -1.84091386e+03, -1.12279511e+03,\n",
       "        -8.63274975e+02, -6.55426097e+02, -7.62595653e+02,\n",
       "         1.16801416e-01],\n",
       "       [-2.76757036e+01, -4.05489272e+04, -3.43912487e-02,\n",
       "         1.01373013e-01,  2.02011839e-02, -5.35548613e-01,\n",
       "         7.07572465e-01,  9.26157014e-01,  1.08714790e+00,\n",
       "         9.65882605e+05,  1.08554875e+00,  9.62719377e-01,\n",
       "         1.74503498e+04,  1.87800288e+04,  1.98517956e+04,\n",
       "         1.84859902e+04,  1.72558132e+04,  1.66421939e+04,\n",
       "        -1.81193352e+02, -5.23286334e+01, -1.42440130e+03,\n",
       "        -7.95586732e+02, -5.99653201e+02, -5.51825903e+02,\n",
       "         1.05055680e-01],\n",
       "       [-2.17737144e+02, -3.66498781e+04, -3.05033221e-02,\n",
       "         8.77647818e-02,  2.10623888e-02, -5.61928171e-01,\n",
       "         6.48376825e-01,  8.44409581e-01,  9.30929884e-01,\n",
       "         1.08554875e+00,  9.65882522e+05,  1.06394420e+00,\n",
       "         1.72366496e+04,  1.82909624e+04,  1.91118771e+04,\n",
       "         1.98117443e+04,  1.85761065e+04,  1.77056975e+04,\n",
       "        -1.14217253e+02, -8.32774876e+01,  1.80710155e+02,\n",
       "        -1.03437820e+03, -5.76835467e+02, -4.63630953e+02,\n",
       "         9.59658135e-02],\n",
       "       [-2.01763509e+02, -3.50732890e+04, -2.47400892e-02,\n",
       "         7.61433930e-02,  2.06041121e-02, -5.16729889e-01,\n",
       "         6.12946476e-01,  7.91873356e-01,  8.70323687e-01,\n",
       "         9.62719377e-01,  1.06394420e+00,  9.65882561e+05,\n",
       "         1.75505198e+04,  1.85630507e+04,  1.92235732e+04,\n",
       "         1.96944366e+04,  2.03266485e+04,  1.95138673e+04,\n",
       "        -2.84845906e+01, -1.38321387e+02,  1.18054395e+02,\n",
       "         3.42430472e+02, -8.15372514e+02, -5.16924539e+02,\n",
       "         8.91439827e-02],\n",
       "       [ 1.23574912e+07,  2.72548178e+09, -1.21101087e+03,\n",
       "         9.09372032e+02, -9.01645821e+02,  3.81514019e+04,\n",
       "         1.54715724e+04,  2.06949346e+04,  1.83628470e+04,\n",
       "         1.74503498e+04,  1.72366496e+04,  1.75505198e+04,\n",
       "         5.42014741e+09,  4.98385772e+09,  4.55394105e+09,\n",
       "         4.07298723e+09,  3.71269974e+09,  3.51789089e+09,\n",
       "         1.70992875e+08,  1.68474080e+08,  2.03290034e+08,\n",
       "         1.82513397e+08,  1.87803144e+08,  2.34635686e+08,\n",
       "        -6.00055453e+02],\n",
       "       [ 1.10776672e+07,  2.56868050e+09, -1.08498313e+03,\n",
       "         6.34440622e+02, -8.02065202e+02,  3.55935699e+04,\n",
       "         1.51773512e+04,  2.00345226e+04,  2.02026697e+04,\n",
       "         1.87800288e+04,  1.82909624e+04,  1.85630507e+04,\n",
       "         4.98385772e+09,  5.06381391e+09,  4.57950137e+09,\n",
       "         4.08420346e+09,  3.71830212e+09,  3.52287932e+09,\n",
       "         3.30328185e+08,  1.65292630e+08,  1.88766543e+08,\n",
       "         1.64259077e+08,  1.71668310e+08,  2.20360086e+08,\n",
       "        -4.19052635e+02],\n",
       "       [ 1.46186295e+07,  2.54709565e+09, -8.32737457e+02,\n",
       "         3.46441216e+02, -9.01170489e+02,  3.43148849e+04,\n",
       "         1.40036533e+04,  1.85990142e+04,  1.88718408e+04,\n",
       "         1.98517956e+04,  1.91118771e+04,  1.92235732e+04,\n",
       "         4.55394105e+09,  4.57950137e+09,  4.80759069e+09,\n",
       "         4.11991298e+09,  3.72467819e+09,  3.52225899e+09,\n",
       "         2.80498183e+08,  5.06136919e+08,  1.58658270e+08,\n",
       "         1.55712416e+08,  1.90305226e+08,  2.24654938e+08,\n",
       "        -4.04925152e+02],\n",
       "       [ 2.24685836e+07,  2.45254162e+09, -6.88101227e+02,\n",
       "        -2.93470544e+02, -7.83439448e+02,  3.04359310e+04,\n",
       "         1.29429437e+04,  1.71066445e+04,  1.74842329e+04,\n",
       "         1.84859902e+04,  1.98117443e+04,  1.96944366e+04,\n",
       "         4.07298723e+09,  4.08420346e+09,  4.11991298e+09,\n",
       "         4.13734780e+09,  3.67503100e+09,  3.44981534e+09,\n",
       "         2.48148791e+08,  3.07495061e+08,  3.39645668e+08,\n",
       "         1.31139243e+08,  1.57600213e+08,  2.03044423e+08,\n",
       "        -2.71046913e+02],\n",
       "       [ 8.79084169e+06,  2.33016599e+09, -5.05409094e+02,\n",
       "        -5.62690587e+02, -8.05386337e+02,  2.76384694e+04,\n",
       "         1.23347073e+04,  1.61018650e+04,  1.63737067e+04,\n",
       "         1.72558132e+04,  1.85761065e+04,  2.03266485e+04,\n",
       "         3.71269974e+09,  3.71830212e+09,  3.72467819e+09,\n",
       "         3.67503100e+09,  3.69517512e+09,  3.42398164e+09,\n",
       "         2.18426838e+08,  2.53750389e+08,  2.69928201e+08,\n",
       "         2.79025538e+08,  1.31430899e+08,  1.77353638e+08,\n",
       "        -1.70501221e+02],\n",
       "       [ 8.62363941e+06,  2.24257157e+09, -4.87155223e+02,\n",
       "        -5.60396078e+02, -6.58851509e+02,  2.61229055e+04,\n",
       "         1.18380786e+04,  1.56340524e+04,  1.58381510e+04,\n",
       "         1.66421939e+04,  1.77056975e+04,  1.95138673e+04,\n",
       "         3.51789089e+09,  3.52287932e+09,  3.52225899e+09,\n",
       "         3.44981534e+09,  3.42398164e+09,  3.54565708e+09,\n",
       "         1.97136499e+08,  2.36790728e+08,  2.44984999e+08,\n",
       "         2.33335306e+08,  2.79840231e+08,  1.22207142e+08,\n",
       "        -1.32721389e+02],\n",
       "       [ 1.39671270e+06,  4.19334476e+08, -1.96315806e+00,\n",
       "        -5.06382070e+02, -5.16624581e+01,  3.98979001e+03,\n",
       "        -1.47466283e+03, -1.59933813e+03,  2.56539896e+01,\n",
       "        -1.81193352e+02, -1.14217253e+02, -2.84845906e+01,\n",
       "         1.70992875e+08,  3.30328185e+08,  2.80498183e+08,\n",
       "         2.48148791e+08,  2.18426838e+08,  1.97136499e+08,\n",
       "         2.75153393e+08,  1.08923400e+08,  7.35047754e+07,\n",
       "         5.17526821e+07,  3.75477440e+07,  5.46594827e+07,\n",
       "        -5.01091750e+02],\n",
       "       [ 1.67643732e+06,  5.33049571e+08, -1.56666578e+01,\n",
       "        -5.62207667e+02, -9.72730762e+01,  4.62425175e+03,\n",
       "        -1.81411457e+03, -1.62627451e+03, -1.84091386e+03,\n",
       "        -5.23286334e+01, -8.32774876e+01, -1.38321387e+02,\n",
       "         1.68474080e+08,  1.65292630e+08,  5.06136919e+08,\n",
       "         3.07495061e+08,  2.53750389e+08,  2.36790728e+08,\n",
       "         1.08923400e+08,  5.31548144e+08,  9.92423974e+07,\n",
       "         6.49750124e+07,  6.36482137e+07,  6.45317382e+07,\n",
       "        -5.59894751e+02],\n",
       "       [ 5.96643558e+06,  4.79847153e+08, -7.39930525e+01,\n",
       "        -5.80280531e+02, -3.25277243e+01,  4.74414693e+03,\n",
       "        -1.39538074e+03, -1.17766664e+03, -1.12279511e+03,\n",
       "        -1.42440130e+03,  1.80710155e+02,  1.18054395e+02,\n",
       "         2.03290034e+08,  1.88766543e+08,  1.58658270e+08,\n",
       "         3.39645668e+08,  2.69928201e+08,  2.44984999e+08,\n",
       "         7.35047754e+07,  9.92423974e+07,  3.10796114e+08,\n",
       "         5.96360440e+07,  4.28050555e+07,  5.09100626e+07,\n",
       "        -4.10844414e+02],\n",
       "       [ 1.05673792e+06,  4.12887174e+08, -1.70704755e+01,\n",
       "        -4.77334635e+02, -1.03459814e+02,  3.08558277e+03,\n",
       "        -1.12621234e+03, -8.78348164e+02, -8.63274975e+02,\n",
       "        -7.95586732e+02, -1.03437820e+03,  3.42430472e+02,\n",
       "         1.82513397e+08,  1.64259077e+08,  1.55712416e+08,\n",
       "         1.31139243e+08,  2.79025538e+08,  2.33335306e+08,\n",
       "         5.17526821e+07,  6.49750124e+07,  5.96360440e+07,\n",
       "         2.46256007e+08,  3.63204775e+07,  4.39326801e+07,\n",
       "        -3.69307460e+02],\n",
       "       [ 8.62463424e+04,  4.30322827e+08, -1.24517817e+01,\n",
       "        -5.13142835e+02, -9.60228957e+00,  3.21623702e+03,\n",
       "        -9.98544179e+02, -6.78085837e+02, -6.55426097e+02,\n",
       "        -5.99653201e+02, -5.76835467e+02, -8.15372514e+02,\n",
       "         1.87803144e+08,  1.71668310e+08,  1.90305226e+08,\n",
       "         1.57600213e+08,  1.31430899e+08,  2.79840231e+08,\n",
       "         3.75477440e+07,  6.36482137e+07,  4.28050555e+07,\n",
       "         3.63204775e+07,  2.34260840e+08,  4.20473745e+07,\n",
       "        -3.49365358e+02],\n",
       "       [ 4.61585541e+05,  5.06229596e+08, -2.40383181e+01,\n",
       "        -5.82828868e+02, -6.15885117e+01,  3.19010349e+03,\n",
       "        -1.17153243e+03, -7.76396858e+02, -7.62595653e+02,\n",
       "        -5.51825903e+02, -4.63630953e+02, -5.16924539e+02,\n",
       "         2.34635686e+08,  2.20360086e+08,  2.24654938e+08,\n",
       "         2.03044423e+08,  1.77353638e+08,  1.22207142e+08,\n",
       "         5.46594827e+07,  6.45317382e+07,  5.09100626e+07,\n",
       "         4.39326801e+07,  4.20473745e+07,  3.16825908e+08,\n",
       "        -3.92205066e+02],\n",
       "       [-5.01234168e+01, -8.26288841e+03, -8.10817440e-03,\n",
       "         1.04517299e-02, -5.27010813e-03,  5.31125295e-02,\n",
       "         1.51413636e-01,  1.30886350e-01,  1.16801416e-01,\n",
       "         1.05055680e-01,  9.59658135e-02,  8.91439827e-02,\n",
       "        -6.00055453e+02, -4.19052635e+02, -4.04925152e+02,\n",
       "        -2.71046913e+02, -1.70501221e+02, -1.32721389e+02,\n",
       "        -5.01091750e+02, -5.59894751e+02, -4.10844414e+02,\n",
       "        -3.69307460e+02, -3.49365358e+02, -3.92205066e+02,\n",
       "         9.65881411e+05]])"
      ]
     },
     "execution_count": 19,
     "metadata": {},
     "output_type": "execute_result"
    }
   ],
   "source": [
    "cov = LedoitWolf().fit(rawData)\n",
    "cov.covariance_"
   ]
  },
  {
   "cell_type": "code",
   "execution_count": 20,
   "metadata": {},
   "outputs": [],
   "source": [
    "#Feature space\n",
    "X = rawData.iloc[:,0:24]"
   ]
  },
  {
   "cell_type": "code",
   "execution_count": 21,
   "metadata": {},
   "outputs": [
    {
     "data": {
      "text/html": [
       "<div>\n",
